512
3072
512 64 234426
512 504 38181
512 505 -18390
512 456 114709
512 511 23046
512 448 127460
511 63 12793
511 503 99796
511 512 23046
511 455 52730
511 510 -114459
511 447 -180071
510 62 137808
510 502 -3516
510 511 -114459
510 454 46643
510 509 -134426
510 446 -9185
509 61 207363
509 501 99076
509 510 -134426
509 453 -22751
509 508 -29215
509 445 -110845
508 60 -20914
508 500 81282
508 509 -29215
508 452 -95433
508 507 -65304
508 444 -34780
507 59 -38402
507 499 460
507 508 -65304
507 451 45614
507 506 -226132
507 443 145457
506 58 213696
506 498 4301
506 507 -226132
506 450 60744
506 505 -41018
506 442 44855
505 449 9965
505 57 -20955
505 497 303032
505 512 -18390
505 506 -41018
505 441 5717
504 512 38181
504 56 43076
504 496 -35521
504 497 171321
504 503 -83655
504 440 -31459
503 511 99796
503 55 -64320
503 495 75964
503 504 -83655
503 502 -20380
503 439 -173184
502 510 -3516
502 54 90549
502 494 -113580
502 503 -20380
502 501 17947
502 438 -13195
501 509 99076
501 53 -4861
501 493 -32382
501 502 17947
501 500 -10065
501 437 7592
500 508 81282
500 52 -1331
500 492 20614
500 501 -10065
500 499 55750
500 436 -180219
499 507 460
499 51 65417
499 491 159980
499 500 55750
499 498 -33466
499 435 25592
498 506 4301
498 50 74023
498 490 26214
498 499 -33466
498 497 91406
498 434 56942
497 505 303032
497 49 -300736
497 489 26112
497 504 171321
497 498 91406
497 433 41153
496 504 -35521
496 48 -128452
496 488 -79244
496 489 58439
496 495 93391
496 432 -72942
495 503 75964
495 47 -107795
495 487 70154
495 496 93391
495 494 -129405
495 431 1774
494 502 -113580
494 46 -167860
494 486 16856
494 495 -129405
494 493 -17885
494 430 39526
493 501 -32382
493 45 -87896
493 485 -16545
493 494 -17885
493 492 -79003
493 429 -29038
492 500 20614
492 44 41816
492 484 27846
492 493 -79003
492 491 119142
492 428 20239
491 499 159980
491 43 35708
491 483 -38746
491 492 119142
491 490 -21103
491 427 -28195
490 498 26214
490 42 -69299
490 482 -76264
490 491 -21103
490 489 -23227
490 426 -76897
489 497 26112
489 41 -23806
489 481 38152
489 496 58439
489 490 -23227
489 425 160966
488 496 -79244
488 40 -198891
488 480 -106550
488 481 109779
488 487 -35923
488 424 -46950
487 495 70154
487 39 -19109
487 479 -124154
487 488 -35923
487 486 36849
487 423 -5784
486 494 16856
486 38 156697
486 478 42434
486 487 36849
486 485 82053
486 422 -120486
485 493 -16545
485 37 -56084
485 477 46873
485 486 82053
485 484 -69178
485 421 60907
484 492 27846
484 36 42883
484 476 106971
484 485 -69178
484 483 -22920
484 420 -36953
483 491 -38746
483 35 116920
483 475 -193696
483 484 -22920
483 482 -221928
483 419 84859
482 490 -76264
482 34 92321
482 474 99559
482 483 -221928
482 481 135902
482 418 66851
481 489 38152
481 33 66122
481 473 -53956
481 488 109779
481 482 135902
481 417 -60940
480 488 -106550
480 32 -47697
480 472 -36344
480 473 -238879
480 479 104427
480 416 -191978
479 487 -124154
479 31 102011
479 471 46055
479 480 104427
479 478 -24018
479 415 -199850
478 486 42434
478 30 -68055
478 470 108085
478 479 -24018
478 477 73915
478 414 -98185
477 485 46873
477 29 39583
477 469 -14393
477 478 73915
477 476 172512
477 413 -123317
476 484 106971
476 28 251653
476 468 -47987
476 477 172512
476 475 -40321
476 412 33580
475 483 -193696
475 27 -13425
475 467 1116
475 476 -40321
475 474 151994
475 411 -6931
474 482 99559
474 26 -106176
474 466 110245
474 475 151994
474 473 131772
474 410 226848
473 481 -53956
473 25 -146430
473 465 -101993
473 480 -238879
473 474 131772
473 409 -101200
472 480 -36344
472 24 -81310
472 464 -37922
472 465 7147
472 471 14650
472 408 134340
471 479 46055
471 23 -145800
471 463 13098
471 472 14650
471 470 73938
471 407 -195863
470 478 108085
470 22 -46244
470 462 -65443
470 471 73938
470 469 166708
470 406 176302
469 477 -14393
469 21 108857
469 461 -32053
469 470 166708
469 468 8208
469 405 64118
468 476 -47987
468 20 -83313
468 460 3834
468 469 8208
468 467 231593
468 404 3427
467 475 1116
467 19 86955
467 459 113870
467 468 231593
467 466 38500
467 403 4199
466 474 110245
466 18 78944
466 458 21736
466 467 38500
466 465 -35078
466 402 238782
465 473 -101993
465 17 -121025
465 457 -33293
465 472 7147
465 466 -35078
465 401 -95500
464 472 -37922
464 16 91258
464 456 -20420
464 457 26410
464 463 -89837
464 400 191280
463 471 13098
463 15 -33732
463 455 96520
463 464 -89837
463 462 -42947
463 399 -101088
462 470 -65443
462 14 72803
462 454 2644
462 463 -42947
462 461 -105363
462 398 -3070
461 469 -32053
461 13 -20430
461 453 150500
461 462 -105363
461 460 -142087
461 397 -92663
460 468 3834
460 12 -57389
460 452 136334
460 461 -142087
460 459 51429
460 396 -4488
459 467 113870
459 11 17639
459 451 99883
459 460 51429
459 458 62316
459 395 4155
458 466 21736
458 10 5615
458 450 62776
458 459 62316
458 457 -36880
458 394 -109580
457 465 -33293
457 9 47292
457 449 -16364
457 464 26410
457 458 -36880
457 393 141494
456 8 -39426
456 512 114709
456 464 -20420
456 449 -29389
456 455 53507
456 392 47556
455 7 66038
455 463 96520
455 511 52730
455 456 53507
455 454 112434
455 391 120632
454 6 68518
454 462 2644
454 510 46643
454 455 112434
454 453 -130928
454 390 61583
453 5 -132675
453 461 150500
453 509 -22751
453 454 -130928
453 452 -21751
453 389 56923
452 4 -116955
452 460 136334
452 508 -95433
452 453 -21751
452 451 -26598
452 388 -72481
451 3 -170033
451 459 99883
451 507 45614
451 452 -26598
451 450 127582
451 387 -9278
450 2 -25168
450 458 62776
450 506 60744
450 451 127582
450 449 37846
450 386 -162876
449 1 1468
449 457 -16364
449 456 -29389
449 505 9965
449 450 37846
449 385 -10605
448 512 127460
448 440 4988
448 441 -67295
448 392 -79111
448 447 137701
448 384 61595
447 511 -180071
447 439 88961
447 448 137701
447 391 -11983
447 446 -180145
447 383 -106137
446 510 -9185
446 438 -100806
446 447 -180145
446 390 91408
446 445 -10116
446 382 111559
445 509 -110845
445 437 -42765
445 446 -10116
445 389 -321428
445 444 117794
445 381 50053
444 508 -34780
444 436 80402
444 445 117794
444 388 -52912
444 443 30477
444 380 -74879
443 507 145457
443 435 101935
443 444 30477
443 387 -26368
443 442 26664
443 379 136425
442 506 44855
442 434 35903
442 443 26664
442 386 133121
442 441 -20503
442 378 93680
441 505 5717
441 385 93790
441 433 90208
441 448 -67295
441 442 -20503
441 377 -78243
440 504 -31459
440 448 4988
440 432 -67636
440 433 135268
440 439 275765
440 376 -63452
439 503 -173184
439 447 88961
439 431 -119986
439 440 275765
439 438 -98246
439 375 -179358
438 502 -13195
438 446 -100806
438 430 184447
438 439 -98246
438 437 -95465
438 374 -159699
437 501 7592
437 445 -42765
437 429 46394
437 438 -95465
437 436 -35530
437 373 -165707
436 500 -180219
436 444 80402
436 428 -142914
436 437 -35530
436 435 36155
436 372 -57753
435 499 25592
435 443 101935
435 427 106587
435 436 36155
435 434 31908
435 371 84033
434 498 56942
434 442 35903
434 426 57341
434 435 31908
434 433 44085
434 370 -132645
433 497 41153
433 441 90208
433 425 -19530
433 440 135268
433 434 44085
433 369 60381
432 496 -72942
432 440 -67636
432 424 32958
432 425 77382
432 431 -70432
432 368 31219
431 495 1774
431 439 -119986
431 423 121154
431 432 -70432
431 430 -87865
431 367 -27028
430 494 39526
430 438 184447
430 422 94935
430 431 -87865
430 429 -147155
430 366 29818
429 493 -29038
429 437 46394
429 421 -61828
429 430 -147155
429 428 -178131
429 365 69266
428 492 20239
428 436 -142914
428 420 47541
428 429 -178131
428 427 43927
428 364 -77375
427 491 -28195
427 435 106587
427 419 25344
427 428 43927
427 426 -115810
427 363 47939
426 490 -76897
426 434 57341
426 418 -134339
426 427 -115810
426 425 128054
426 362 -160558
425 489 160966
425 433 -19530
425 417 -59283
425 432 77382
425 426 128054
425 361 -187439
424 488 -46950
424 432 32958
424 416 -160990
424 417 -79561
424 423 194910
424 360 31857
423 487 -5784
423 431 121154
423 415 101035
423 424 194910
423 422 -263337
423 359 78657
422 486 -120486
422 430 94935
422 414 -116652
422 423 -263337
422 421 -294541
422 358 122272
421 485 60907
421 429 -61828
421 413 -96217
421 422 -294541
421 420 -8385
421 357 61390
420 484 -36953
420 428 47541
420 412 -122322
420 421 -8385
420 419 79887
420 356 -46870
419 483 84859
419 427 25344
419 411 21936
419 420 79887
419 418 19251
419 355 -91050
418 482 66851
418 426 -134339
418 410 -160775
418 419 19251
418 417 79128
418 354 -22251
417 481 -60940
417 425 -59283
417 409 -62894
417 424 -79561
417 418 79128
417 353 -16259
416 480 -191978
416 424 -160990
416 408 37535
416 409 -163924
416 415 76072
416 352 123172
415 479 -199850
415 423 101035
415 407 -176754
415 416 76072
415 414 -68473
415 351 8118
414 478 -98185
414 422 -116652
414 406 159445
414 415 -68473
414 413 137420
414 350 -134200
413 477 -123317
413 421 -96217
413 405 -87503
413 414 137420
413 412 75273
413 349 -14662
412 476 33580
412 420 -122322
412 404 -72487
412 413 75273
412 411 -24328
412 348 141444
411 475 -6931
411 419 21936
411 403 128335
411 412 -24328
411 410 -98361
411 347 20272
410 474 226848
410 418 -160775
410 402 38177
410 411 -98361
410 409 188938
410 346 76727
409 473 -101200
409 417 -62894
409 401 134528
409 416 -163924
409 410 188938
409 345 -36334
198 262 72515
198 206 -106515
198 254 34777
198 199 -181616
198 197 -97983
198 134 43803
197 261 -24407
197 205 9711
197 253 -96792
197 198 -97983
197 196 -905
197 133 130097
196 260 -42631
196 204 -85324
196 252 10856
196 197 -905
196 195 -6730
196 132 -35639
195 259 -8495
195 203 -22546
195 251 112446
195 196 -6730
195 194 41302
195 131 96730
194 258 -599
194 202 120132
194 250 -38769
194 195 41302
194 193 14895
194 130 53508
193 257 45951
193 201 95334
193 200 39392
193 249 -216487
193 194 14895
193 129 -168470
192 256 228505
192 184 91442
192 185 74126
192 136 112815
192 191 4024
192 128 -85803
191 255 -136101
191 183 -64399
191 192 4024
191 135 129437
191 190 83383
191 127 -24334
190 254 153133
190 182 -95867
190 191 83383
190 134 52028
190 189 -2825
190 126 -30621
189 253 116970
189 181 -327032
189 190 -2825
189 133 -66442
189 188 -111037
189 125 106005
188 252 -27389
188 180 53117
188 189 -111037
188 132 87864
188 187 21610
188 124 -70355
187 251 79746
187 179 69018
187 188 21610
187 131 70212
187 186 129744
187 123 -40014
186 250 -39665
186 178 50396
186 187 129744
186 130 -88604
186 185 68801
186 122 28244
185 249 100276
185 129 35645
185 177 42404
185 192 74126
185 186 68801
185 121 8770
184 248 -12585
184 192 91442
184 176 -27786
184 177 -176190
184 183 -157012
184 120 -50661
183 247 11090
183 191 -64399
183 175 -17640
183 184 -157012
183 182 -50206
183 119 4806
182 246 109277
182 190 -95867
182 174 -77665
182 183 -50206
182 181 -23374
182 118 59893
181 245 38867
181 189 -327032
181 173 100170
181 182 -23374
181 180 158158
181 117 -51985
180 244 160499
180 188 53117
180 172 -35309
180 181 158158
180 179 83722
180 116 234686
179 243 60223
179 187 69018
179 171 61670
179 180 83722
179 178 178105
179 115 -16977
178 242 -44647
178 186 50396
178 170 -23311
178 179 178105
178 177 -36624
178 114 193215
177 241 6532
177 185 42404
177 169 -14185
177 184 -176190
177 178 -36624
177 113 184995
176 240 46421
176 184 -27786
176 168 -207047
176 169 53809
176 175 7429
176 112 4619
175 239 -149043
175 183 -17640
175 167 -144468
175 176 7429
175 174 532
175 111 -54425
174 238 71774
174 182 -77665
174 166 98880
174 175 532
174 173 123885
174 110 -122172
173 237 35576
173 181 100170
173 165 -80035
173 174 123885
173 172 125617
173 109 -2749
172 236 119063
172 180 -35309
172 164 -23802
172 173 125617
172 171 -8207
172 108 -139376
171 235 85251
171 179 61670
171 163 -19954
171 172 -8207
171 170 87246
171 107 -101106
170 234 -580
170 178 -23311
170 162 55211
170 171 87246
170 169 10656
170 106 -51832
169 233 -24960
169 177 -14185
169 161 61893
169 176 53809
169 170 10656
169 105 -53902
168 232 -52745
168 176 -207047
168 160 -153796
168 161 132776
168 167 -55313
168 104 73842
167 231 168620
167 175 -144468
167 159 -31502
167 168 -55313
167 166 -99058
167 103 53093
166 230 124706
166 174 98880
166 158 43827
166 167 -99058
166 165 -114764
166 102 -102398
165 229 -92918
165 173 -80035
165 157 -34219
165 166 -114764
165 164 -129984
165 101 -32060
164 228 -87749
164 172 -23802
164 156 -76963
164 165 -129984
164 163 45270
164 100 -26847
163 227 -29002
163 171 -19954
163 155 -209280
163 164 45270
163 162 28951
163 99 -128387
162 226 28542
162 170 55211
162 154 -40038
162 163 28951
162 161 60040
162 98 76258
161 225 80114
161 169 61893
161 153 155245
161 168 132776
161 162 60040
161 97 -4691
160 224 -123225
160 168 -153796
160 152 -85010
160 153 -87759
160 159 -54184
160 96 -115368
159 223 140844
159 167 -31502
159 151 220785
159 160 -54184
159 158 126489
159 95 4964
158 222 -45281
158 166 43827
158 150 126632
158 159 126489
158 157 83746
158 94 -64781
157 221 -58278
157 165 -34219
157 149 110231
157 158 83746
157 156 -179126
157 93 -45647
156 220 54505
156 164 -76963
156 148 -18644
156 157 -179126
156 155 -48329
156 92 128029
155 219 -102376
155 163 -209280
155 147 -10698
155 156 -48329
155 154 -32974
155 91 -139437
154 218 121077
154 162 -40038
154 146 -20093
154 155 -32974
154 153 36678
154 90 -78818
153 217 -193128
153 161 155245
153 145 140663
153 160 -87759
153 154 36678
153 89 -57480
152 216 -96986
152 160 -85010
152 144 76199
152 145 109536
152 151 128828
152 88 44972
151 215 -121773
151 159 220785
151 143 76076
151 152 128828
151 150 62431
151 87 -165483
150 214 143689
150 158 126632
150 142 -233061
150 151 62431
150 149 13733
150 86 128855
149 213 92258
149 157 110231
149 141 110706
149 150 13733
149 148 -31351
149 85 -38099
148 212 -64783
148 156 -18644
148 140 42852
148 149 -31351
148 147 14809
148 84 30185
147 211 -120149
147 155 -10698
147 139 69860
147 148 14809
147 146 -8924
147 83 50588
146 210 -241468
146 154 -20093
146 138 -2275
146 147 -8924
146 145 -15728
146 82 -8233
145 209 81921
145 153 140663
145 137 -113051
145 152 109536
145 146 -15728
145 81 65614
144 208 -90991
144 152 76199
144 136 -35031
144 137 67386
144 143 -39926
144 80 221873
143 207 -21259
143 151 76076
143 135 -72942
143 144 -39926
143 142 -138460
143 79 -34033
142 206 7922
142 150 -233061
142 134 -60156
142 143 -138460
142 141 -7722
142 78 -37676
141 205 8080
141 149 110706
141 133 -84777
141 142 -7722
141 140 -63537
141 77 58488
140 204 -113581
140 148 42852
140 132 57486
140 141 -63537
140 139 119468
140 76 -130976
139 203 -17740
139 147 69860
139 131 -48549
139 140 119468
139 138 60716
139 75 7023
138 202 24526
138 146 -2275
138 130 50635
138 139 60716
138 137 -50104
138 74 57857
137 201 158176
137 145 -113051
137 129 34174
137 144 67386
137 138 -50104
137 73 114127
136 200 293496
136 192 112815
136 144 -35031
136 129 -27316
136 135 3986
136 72 -14404
135 199 28160
135 143 -72942
135 191 129437
135 136 3986
135 134 -14441
135 71 11612
134 198 43803
134 142 -60156
134 190 52028
134 135 -14441
134 133 46995
134 70 -45683
133 197 130097
133 141 -84777
133 189 -66442
133 134 46995
133 132 -51720
133 69 -87824
132 196 -35639
132 140 57486
132 188 87864
132 133 -51720
132 131 -78452
132 68 13136
131 195 96730
131 139 -48549
131 187 70212
131 132 -78452
131 130 -146594
131 67 -140274
130 194 53508
130 138 50635
130 186 -88604
130 131 -146594
130 129 8779
130 66 6058
129 193 -168470
129 137 34174
129 136 -27316
129 185 35645
129 130 8779
129 65 54265
128 192 -85803
128 120 -40357
128 121 61765
128 72 -277003
128 127 -21040
128 64 46022
127 191 -24334
127 119 176747
127 128 -21040
127 71 -140784
127 126 -87277
127 63 186223
126 190 -30621
126 118 209534
126 127 -87277
126 70 -12470
126 125 41136
126 62 -84360
125 189 106005
125 117 139258
125 126 41136
125 69 117366
125 124 112981
125 61 175288
124 188 -70355
124 116 23626
124 125 112981
124 68 -187572
124 123 -45491
124 60 84698
123 187 -40014
123 115 1548
123 124 -45491
123 67 50987
123 122 -68092
123 59 -83175
122 186 28244
122 114 257701
122 123 -68092
122 66 4225
122 121 -56238
122 58 -15103
121 185 8770
121 65 22143
121 113 -69101
121 128 61765
121 122 -56238
121 57 -48646
120 184 -50661
120 128 -40357
120 112 33005
120 113 -156215
120 119 -114019
120 56 114644
119 183 4806
119 127 176747
119 111 9564
119 120 -114019
119 118 95773
119 55 -10279
118 182 59893
118 126 209534
118 110 66620
118 119 95773
118 117 -35615
118 54 -74397
117 181 -51985
117 125 139258
117 109 -168383
117 118 -35615
117 116 27382
117 53 56026
116 180 234686
116 124 23626
116 108 -79087
116 117 27382
116 115 -189896
116 52 -131293
115 179 -16977
115 123 1548
115 107 82681
115 116 -189896
115 114 184394
115 51 3937
114 178 193215
114 122 257701
114 106 -77886
114 115 184394
114 113 187583
114 50 -60270
113 177 184995
113 121 -69101
113 105 -12016
113 120 -156215
113 114 187583
113 49 -39629
112 176 4619
112 120 33005
112 104 75974
112 105 -229730
112 111 47478
112 48 115456
111 175 -54425
111 119 9564
111 103 60879
111 112 47478
111 110 51332
111 47 1186
110 174 -122172
110 118 66620
110 102 48273
110 111 51332
110 109 19595
110 46 -53479
109 173 -2749
109 117 -168383
109 101 -2338
109 110 19595
109 108 290339
109 45 -50114
108 172 -139376
108 116 -79087
108 100 221421
108 109 290339
108 107 -56185
108 44 70435
107 171 -101106
107 115 82681
107 99 -8308
107 108 -56185
107 106 -113591
107 43 -16561
106 170 -51832
106 114 -77886
106 98 -26353
106 107 -113591
106 105 153652
106 42 -57521
105 169 -53902
105 113 -12016
105 97 122306
105 112 -229730
105 106 153652
105 41 -70243
104 168 73842
104 112 75974
104 96 82446
104 97 37541
104 103 -20578
104 40 -38964
103 167 53093
103 111 60879
103 95 58535
103 104 -20578
103 102 5777
103 39 85939
102 166 -102398
102 110 48273
102 94 73921
102 103 5777
102 101 48375
102 38 -77107
101 165 -32060
101 109 -2338
101 93 101481
101 102 48375
101 100 210769
101 37 -53387
100 164 -26847
100 108 221421
100 92 -149690
100 101 210769
100 99 -159431
100 36 58780
99 163 -128387
99 107 -8308
99 91 211587
99 100 -159431
99 98 -187815
99 35 41398
98 162 76258
98 106 -26353
98 90 51364
98 99 -187815
98 97 -12366
98 34 33245
97 161 -4691
97 105 122306
97 89 94391
97 104 37541
97 98 -12366
97 33 235211
46 110 -53479
46 494 -167860
46 54 -100622
46 38 -142771
46 47 -258418
46 45 -114606
45 109 -50114
45 493 -87896
45 53 -150901
45 37 -55221
45 46 -114606
45 44 -231037
44 108 70435
44 492 41816
44 52 -5068
44 36 39257
44 45 -231037
44 43 21121
43 107 -16561
43 491 35708
43 51 -86092
43 35 237
43 44 21121
43 42 -62203
42 106 -57521
42 490 -69299
42 50 -86355
42 34 -254502
42 43 -62203
42 41 -77882
41 105 -70243
41 489 -23806
41 49 -3676
41 33 25746
41 48 -14147
41 42 -77882
40 104 -38964
40 488 -198891
40 48 -154664
40 32 -76726
40 33 96538
40 39 84601
39 103 85939
39 487 -19109
39 47 -87584
39 31 -41754
39 40 84601
39 38 -128880
38 102 -77107
38 486 156697
38 46 -142771
38 30 8257
38 39 -128880
38 37 -64438
37 101 -53387
37 485 -56084
37 45 -55221
37 29 -139009
37 38 -64438
37 36 -19317
36 100 58780
36 484 42883
36 44 39257
36 28 150223
36 37 -19317
36 35 31896
35 99 41398
35 483 116920
35 43 237
35 27 43617
35 36 31896
35 34 47972
34 98 33245
34 482 92321
34 42 -254502
34 26 198896
34 35 47972
34 33 -14665
33 97 235211
33 481 66122
33 41 25746
33 25 113252
33 40 96538
33 34 -14665
32 96 -155742
32 480 -47697
32 40 -76726
32 24 -22350
32 25 -137342
32 31 -147775
31 95 106838
31 479 102011
31 39 -41754
31 23 90076
31 32 -147775
31 30 33476
30 94 -27405
30 478 -68055
30 38 8257
30 22 126131
30 31 33476
30 29 57274
29 93 -11624
29 477 39583
29 37 -139009
29 21 79327
29 30 57274
29 28 -48607
28 92 56286
28 476 251653
28 36 150223
28 20 -175247
28 29 -48607
28 27 -29421
27 91 97024
27 475 -13425
27 35 43617
27 19 112622
27 28 -29421
27 26 64094
26 90 33481
26 474 -106176
26 34 198896
26 18 -125876
26 27 64094
26 25 -112446
25 89 -2645
25 473 -146430
25 33 113252
25 17 -118788
25 32 -137342
25 26 -112446
24 88 11087
24 472 -81310
24 32 -22350
24 16 -78329
24 17 39164
24 23 49907
23 87 -52054
23 471 -145800
23 31 90076
23 15 118103
23 24 49907
23 22 -53074
10 74 35891
10 458 5615
10 18 -48026
10 2 -105544
10 11 -118332
10 9 -41307
9 73 198050
9 457 47292
9 17 157234
9 1 -36918
9 16 -3000
9 10 -41307
8 72 50655
8 64 -208049
8 456 -39426
8 16 7636
8 1 164424
8 7 36245
7 71 105558
7 455 66038
7 15 -203673
7 63 7095
7 8 36245
7 6 211247
6 70 20597
6 454 68518
6 14 -45291
6 62 -48330
6 7 211247
6 5 -38835
5 69 41157
5 453 -132675
5 13 24479
5 61 -28130
5 6 -38835
5 4 -135753
4 68 -61657
4 452 -116955
4 12 46911
4 60 -171892
4 5 -135753
4 3 -77208
3 67 -109408
3 451 -170033
3 11 -34270
3 59 -243277
3 4 -77208
3 2 109528
2 66 143973
2 450 -25168
2 10 -105544
2 58 39231
2 3 109528
2 1 80439
1 65 27114
1 449 1468
1 9 -36918
1 8 164424
1 57 -58552
1 2 80439
11 75 66247
11 459 17639
11 19 49092
11 3 -34270
11 12 59807
11 10 -118332
12 76 -107011
12 460 -57389
12 20 -153843
12 4 46911
12 13 72618
12 11 59807
13 77 166642
13 461 -20430
13 21 75293
13 5 24479
13 14 64995
13 12 72618
14 78 250460
14 462 72803
14 22 -35658
14 6 -45291
14 15 93137
14 13 64995
15 79 -36434
15 463 -33732
15 23 118103
15 7 -203673
15 16 41812
15 14 93137
16 80 42827
16 464 91258
16 24 -78329
16 8 7636
16 9 -3000
16 15 41812
17 81 93656
17 465 -121025
17 25 -118788
17 9 157234
17 24 39164
17 18 14120
18 82 8236
18 466 78944
18 26 -125876
18 10 -48026
18 19 127776
18 17 14120
19 83 -2123
19 467 86955
19 27 112622
19 11 49092
19 20 -97753
19 18 127776
20 84 -194374
20 468 -83313
20 28 -175247
20 12 -153843
20 21 136499
20 19 -97753
21 85 89265
21 469 108857
21 29 79327
21 13 75293
21 22 -58698
21 20 136499
22 86 -81456
22 470 -46244
22 30 126131
22 14 -35658
22 23 -53074
22 21 -58698
47 111 1186
47 495 -107795
47 55 -168970
47 39 -87584
47 48 152909
47 46 -258418
48 112 115456
48 496 -128452
48 56 28292
48 40 -154664
48 41 -14147
48 47 152909
49 113 -39629
49 497 -300736
49 57 112160
49 41 -3676
49 56 86883
49 50 95744
50 114 -60270
50 498 74023
50 58 -8654
50 42 -86355
50 51 141612
50 49 95744
51 115 3937
51 499 65417
51 59 -120908
51 43 -86092
51 52 73326
51 50 141612
52 116 -131293
52 500 -1331
52 60 -1601
52 44 -5068
52 53 3836
52 51 73326
53 117 56026
53 501 -4861
53 61 69713
53 45 -150901
53 54 70717
53 52 3836
54 118 -74397
54 502 90549
54 62 -54589
54 46 -100622
54 55 2557
54 53 70717
55 119 -10279
55 503 -64320
55 63 42498
55 47 -168970
55 56 -67732
55 54 2557
56 120 114644
56 504 43076
56 64 -75751
56 48 28292
56 49 86883
56 55 -67732
57 505 -20955
57 121 -48646
57 1 -58552
57 49 112160
57 64 44099
57 58 -12517
58 506 213696
58 122 -15103
58 50 -8654
58 59 -78756
58 2 39231
58 57 -12517
59 507 -38402
59 123 -83175
59 51 -120908
59 60 22786
59 3 -243277
59 58 -78756
60 508 -20914
60 124 84698
60 52 -1601
60 61 -70412
60 4 -171892
60 59 22786
61 509 207363
61 125 175288
61 53 69713
61 62 123615
61 5 -28130
61 60 -70412
62 510 137808
62 126 -84360
62 54 -54589
62 63 166725
62 6 -48330
62 61 123615
63 511 12793
63 127 186223
63 55 42498
63 64 -44195
63 7 7095
63 62 166725
64 512 234426
64 128 46022
64 56 -75751
64 57 44099
64 8 -208049
64 63 -44195
65 129 54265
65 73 -67303
65 72 -68352
65 121 22143
65 66 -216072
65 1 27114
66 130 6058
66 74 26764
66 122 4225
66 67 -60362
66 65 -216072
66 2 143973
67 131 -140274
67 75 106005
67 123 50987
67 68 -29166
67 66 -60362
67 3 -109408
68 132 13136
68 76 -76729
68 124 -187572
68 69 -66760
68 67 -29166
68 4 -61657
69 133 -87824
69 77 -121882
69 125 117366
69 70 -32511
69 68 -66760
69 5 41157
70 134 -45683
70 78 180344
70 126 -12470
70 71 5187
70 69 -32511
70 6 20597
71 135 11612
71 79 -13315
71 127 -140784
71 72 21699
71 70 5187
71 7 105558
72 136 -14404
72 128 -277003
72 80 29756
72 65 -68352
72 71 21699
72 8 50655
73 137 114127
73 81 -6066
73 65 -67303
73 80 124704
73 74 60229
73 9 198050
74 138 57857
74 82 151364
74 66 26764
74 75 76863
74 73 60229
74 10 35891
75 139 7023
75 83 89743
75 67 106005
75 76 -53299
75 74 76863
75 11 66247
76 140 -130976
76 84 -190336
76 68 -76729
76 77 10798
76 75 -53299
76 12 -107011
77 141 58488
77 85 49795
77 69 -121882
77 78 1321
77 76 10798
77 13 166642
78 142 -37676
78 86 -6974
78 70 180344
78 79 -26184
78 77 1321
78 14 250460
79 143 -34033
79 87 -139089
79 71 -13315
79 80 -126419
79 78 -26184
79 15 -36434
80 144 221873
80 88 -44154
80 72 29756
80 73 124704
80 79 -126419
80 16 42827
81 145 65614
81 89 -126733
81 73 -6066
81 88 -78261
81 82 4598
81 17 93656
82 146 -8233
82 90 -51126
82 74 151364
82 83 -16238
82 81 4598
82 18 8236
83 147 50588
83 91 89634
83 75 89743
83 84 -83410
83 82 -16238
83 19 -2123
84 148 30185
84 92 -127979
84 76 -190336
84 85 136765
84 83 -83410
84 20 -194374
85 149 -38099
85 93 -5565
85 77 49795
85 86 -8156
85 84 136765
85 21 89265
86 150 128855
86 94 70275
86 78 -6974
86 87 -102645
86 85 -8156
86 22 -81456
87 151 -165483
87 95 -71545
87 79 -139089
87 88 -70538
87 86 -102645
87 23 -52054
88 152 44972
88 96 102833
88 80 -44154
88 81 -78261
88 87 -70538
88 24 11087
89 153 -57480
89 97 94391
89 81 -126733
89 96 -15767
89 90 -51686
89 25 -2645
90 154 -78818
90 98 51364
90 82 -51126
90 91 168428
90 89 -51686
90 26 33481
91 155 -139437
91 99 211587
91 83 89634
91 92 40484
91 90 168428
91 27 97024
92 156 128029
92 100 -149690
92 84 -127979
92 93 -54627
92 91 40484
92 28 56286
93 157 -45647
93 101 101481
93 85 -5565
93 94 -44633
93 92 -54627
93 29 -11624
94 158 -64781
94 102 73921
94 86 70275
94 95 1924
94 93 -44633
94 30 -27405
95 159 4964
95 103 58535
95 87 -71545
95 96 -101056
95 94 1924
95 31 106838
96 160 -115368
96 104 82446
96 88 102833
96 89 -15767
96 95 -101056
96 32 -155742
199 263 -169993
199 207 54168
199 255 80534
199 200 -59031
199 198 -181616
199 135 28160
200 264 -66312
200 256 78174
200 208 2882
200 193 39392
200 199 -59031
200 136 293496
201 265 117937
201 209 -50446
201 193 95334
201 208 -64413
201 202 -24209
201 137 158176
202 266 152087
202 210 189727
202 194 120132
202 203 55587
202 201 -24209
202 138 24526
203 267 74414
203 211 -23932
203 195 -22546
203 204 -104218
203 202 55587
203 139 -17740
204 268 -72806
204 212 -25080
204 196 -85324
204 205 78005
204 203 -104218
204 140 -113581
205 269 -65765
205 213 15962
205 197 9711
205 206 96063
205 204 78005
205 141 8080
206 270 47952
206 214 68309
206 198 -106515
206 207 -48337
206 205 96063
206 142 7922
207 271 -28326
207 215 110252
207 199 54168
207 208 45674
207 206 -48337
207 143 -21259
208 272 -128922
208 216 28387
208 200 2882
208 201 -64413
208 207 45674
208 144 -90991
209 273 -72102
209 217 -17591
209 201 -50446
209 216 -54668
209 210 -84608
209 145 81921
210 274 81251
210 218 35837
210 202 189727
210 211 -6988
210 209 -84608
210 146 -241468
211 275 247125
211 219 -36596
211 203 -23932
211 212 16321
211 210 -6988
211 147 -120149
212 276 -80268
212 220 -36120
212 204 -25080
212 213 10079
212 211 16321
212 148 -64783
213 277 85405
213 221 -27698
213 205 15962
213 214 11112
213 212 10079
213 149 92258
214 278 54791
214 222 -46863
214 206 68309
214 215 58924
214 213 11112
214 150 143689
215 279 -191726
215 223 42198
215 207 110252
215 216 30350
215 214 58924
215 151 -121773
216 280 140714
216 224 -81590
216 208 28387
216 209 -54668
216 215 30350
216 152 -96986
217 281 -4195
217 225 87249
217 209 -17591
217 224 67022
217 218 75623
217 153 -193128
218 282 -53878
218 226 -149653
218 210 35837
218 219 -126563
218 217 75623
218 154 121077
219 283 77741
219 227 15880
219 211 -36596
219 220 -17009
219 218 -126563
219 155 -102376
220 284 -9246
220 228 33533
220 212 -36120
220 221 118882
220 219 -17009
220 156 54505
221 285 9786
221 229 -56222
221 213 -27698
221 222 35053
221 220 118882
221 157 -58278
222 286 132799
222 230 -21783
222 214 -46863
222 223 -86733
222 221 35053
222 158 -45281
223 287 -97602
223 231 137253
223 215 42198
223 224 -11968
223 222 -86733
223 159 140844
224 288 -7968
224 232 14800
224 216 -81590
224 217 67022
224 223 -11968
224 160 -123225
225 289 -121107
225 233 -67788
225 217 87249
225 232 -59410
225 226 26261
225 161 80114
226 290 55697
226 234 5069
226 218 -149653
226 227 -24907
226 225 26261
226 162 28542
227 291 71880
227 235 -232309
227 219 15880
227 228 9617
227 226 -24907
227 163 -29002
228 292 122995
228 236 107024
228 220 33533
228 229 -137088
228 227 9617
228 164 -87749
229 293 -8440
229 237 -134428
229 221 -56222
229 230 102385
229 228 -137088
229 165 -92918
230 294 -11335
230 238 -49605
230 222 -21783
230 231 -43723
230 229 102385
230 166 124706
231 295 -59553
231 239 24266
231 223 137253
231 232 52296
231 230 -43723
231 167 168620
232 296 203159
232 240 514
232 224 14800
232 225 -59410
232 231 52296
232 168 -52745
233 297 36750
233 241 -115487
233 225 -67788
233 240 -18562
233 234 -64302
233 169 -24960
234 298 50531
234 242 45774
234 226 5069
234 235 -23802
234 233 -64302
234 170 -580
235 299 13973
235 243 -65986
235 227 -232309
235 236 181565
235 234 -23802
235 171 85251
236 300 -79862
236 244 -31635
236 228 107024
236 237 114255
236 235 181565
236 172 119063
237 301 -100647
237 245 -31355
237 229 -134428
237 238 118853
237 236 114255
237 173 35576
238 302 14517
238 246 -89445
238 230 -49605
238 239 107602
238 237 118853
238 174 71774
239 303 -149662
239 247 205236
239 231 24266
239 240 -134011
239 238 107602
239 175 -149043
240 304 -62500
240 248 -15008
240 232 514
240 233 -18562
240 239 -134011
240 176 46421
241 305 -55538
241 249 -122989
241 233 -115487
241 248 76275
241 242 24461
241 177 6532
242 306 -35029
242 250 -244492
242 234 45774
242 243 88769
242 241 24461
242 178 -44647
243 307 4216
243 251 -128702
243 235 -65986
243 244 69052
243 242 88769
243 179 60223
244 308 -7701
244 252 125307
244 236 -31635
244 245 -23831
244 243 69052
244 180 160499
245 309 49725
245 253 13143
245 237 -31355
245 246 -186192
245 244 -23831
245 181 38867
246 310 -75300
246 254 -51892
246 238 -89445
246 247 -97681
246 245 -186192
246 182 109277
247 311 142281
247 255 -9674
247 239 205236
247 248 -129704
247 246 -97681
247 183 11090
248 312 -71013
248 256 19110
248 240 -15008
248 241 76275
248 247 -129704
248 184 -12585
249 313 20606
249 193 -216487
249 241 -122989
249 256 -108092
249 250 42733
249 185 100276
250 314 -38299
250 242 -244492
250 251 66832
250 194 -38769
250 249 42733
250 186 -39665
251 315 97261
251 243 -128702
251 252 1372
251 195 112446
251 250 66832
251 187 79746
252 316 110151
252 244 125307
252 253 -30440
252 196 10856
252 251 1372
252 188 -27389
253 317 -107510
253 245 13143
253 254 -43977
253 197 -96792
253 252 -30440
253 189 116970
254 318 38558
254 246 -51892
254 255 -141770
254 198 34777
254 253 -43977
254 190 153133
255 319 165832
255 247 -9674
255 256 -145947
255 199 80534
255 254 -141770
255 191 -136101
256 320 -232030
256 248 19110
256 249 -108092
256 200 78174
256 255 -145947
256 192 228505
257 321 11469
257 265 -90667
257 264 -55820
257 313 -8003
257 258 20506
257 193 45951
258 322 -140993
258 266 -8046
258 314 3396
258 259 -247395
258 257 20506
258 194 -599
259 323 -255910
259 267 -143341
259 315 -62245
259 260 -22006
259 258 -247395
259 195 -8495
260 324 119333
260 268 115711
260 316 -58364
260 261 -119773
260 259 -22006
260 196 -42631
261 325 25382
261 269 -136320
261 317 -152041
261 262 117163
261 260 -119773
261 197 -24407
262 326 -51345
262 270 -36162
262 318 -93990
262 263 -65434
262 261 117163
262 198 72515
263 327 -60436
263 271 135078
263 319 -55314
263 264 -130053
263 262 -65434
263 199 -169993
264 328 -195566
264 320 -190055
264 272 59095
264 257 -55820
264 263 -130053
264 200 -66312
265 329 -55988
265 273 -116943
265 257 -90667
265 272 -176123
265 266 182463
265 201 117937
266 330 165599
266 274 117935
266 258 -8046
266 267 -77368
266 265 182463
266 202 152087
267 331 -25238
267 275 26998
267 259 -143341
267 268 -110481
267 266 -77368
267 203 74414
268 332 311
268 276 131402
268 260 115711
268 269 18926
268 267 -110481
268 204 -72806
269 333 -149170
269 277 -36
269 261 -136320
269 270 -66348
269 268 18926
269 205 -65765
270 334 48648
270 278 -153902
270 262 -36162
270 271 57934
270 269 -66348
270 206 47952
271 335 -108561
271 279 -104336
271 263 135078
271 272 -125487
271 270 57934
271 207 -28326
272 336 10342
272 280 -102354
272 264 59095
272 265 -176123
272 271 -125487
272 208 -128922
273 337 -142704
273 281 -167133
273 265 -116943
273 280 -77959
273 274 131423
273 209 -72102
274 338 -80533
274 282 120137
274 266 117935
274 275 -59295
274 273 131423
274 210 81251
275 339 39401
275 283 28476
275 267 26998
275 276 49519
275 274 -59295
275 211 247125
276 340 -112090
276 284 7932
276 268 131402
276 277 -30302
276 275 49519
276 212 -80268
277 341 18736
277 285 92227
277 269 -36
277 278 -228167
277 276 -30302
277 213 85405
278 342 -75275
278 286 -27687
278 270 -153902
278 279 65446
278 277 -228167
278 214 54791
279 343 225032
279 287 120770
279 271 -104336
279 280 63436
279 278 65446
279 215 -191726
280 344 -90641
280 288 35830
280 272 -102354
280 273 -77959
280 279 63436
280 216 140714
281 345 16593
281 289 -42542
281 273 -167133
281 288 -46954
281 282 -112993
281 217 -4195
282 346 12497
282 290 98773
282 274 120137
282 283 79712
282 281 -112993
282 218 -53878
283 347 -110517
283 291 14262
283 275 28476
283 284 -78679
283 282 79712
283 219 77741
284 348 -99727
284 292 117528
284 276 7932
284 285 -26545
284 283 -78679
284 220 -9246
285 349 -89539
285 293 13556
285 277 92227
285 286 41670
285 284 -26545
285 221 9786
286 350 -9074
286 294 -23664
286 278 -27687
286 287 114087
286 285 41670
286 222 132799
287 351 -32118
287 295 46856
287 279 120770
287 288 70557
287 286 114087
287 223 -97602
288 352 -128839
288 296 83749
288 280 35830
288 281 -46954
288 287 70557
288 224 -7968
289 353 -198241
289 297 79605
289 281 -42542
289 296 -69530
289 290 15808
289 225 -121107
290 354 -78458
290 298 -11610
290 282 98773
290 291 72281
290 289 15808
290 226 55697
291 355 -90686
291 299 114711
291 283 14262
291 292 186508
291 290 72281
291 227 71880
292 356 -76222
292 300 -2180
292 284 117528
292 293 160288
292 291 186508
292 228 122995
293 357 -65222
293 301 93628
293 285 13556
293 294 82686
293 292 160288
293 229 -8440
294 358 3852
294 302 -69203
294 286 -23664
294 295 15881
294 293 82686
294 230 -11335
295 359 94943
295 303 119659
295 287 46856
295 296 -83509
295 294 15881
295 231 -59553
296 360 -40221
296 304 -121125
296 288 83749
296 289 -69530
296 295 -83509
296 232 203159
297 361 -82670
297 305 -87725
297 289 79605
297 304 53558
297 298 -20082
297 233 36750
298 362 53258
298 306 -71216
298 290 -11610
298 299 66582
298 297 -20082
298 234 50531
299 363 71666
299 307 -103634
299 291 114711
299 300 32122
299 298 66582
299 235 13973
300 364 224265
300 308 -128266
300 292 -2180
300 301 -92325
300 299 32122
300 236 -79862
301 365 181859
301 309 -15775
301 293 93628
301 302 -116372
301 300 -92325
301 237 -100647
302 366 -93948
302 310 -33456
302 294 -69203
302 303 -19277
302 301 -116372
302 238 14517
303 367 -110076
303 311 -7852
303 295 119659
303 304 -69316
303 302 -19277
303 239 -149662
304 368 40011
304 312 -67533
304 296 -121125
304 297 53558
304 303 -69316
304 240 -62500
305 369 139145
305 313 164252
305 297 -87725
305 312 47114
305 306 -151085
305 241 -55538
306 370 125081
306 314 71383
306 298 -71216
306 307 11263
306 305 -151085
306 242 -35029
307 371 -69019
307 315 -3291
307 299 -103634
307 308 -42817
307 306 11263
307 243 4216
308 372 -139563
308 316 48511
308 300 -128266
308 309 -157152
308 307 -42817
308 244 -7701
309 373 5972
309 317 97111
309 301 -15775
309 310 263425
309 308 -157152
309 245 49725
310 374 105
310 318 -18569
310 302 -33456
310 311 -128302
310 309 263425
310 246 -75300
311 375 -69825
311 319 -111607
311 303 -7852
311 312 -28478
311 310 -128302
311 247 142281
312 376 79799
312 320 -46300
312 304 -67533
312 305 47114
312 311 -28478
312 248 -71013
313 377 68259
313 257 -8003
313 305 164252
313 320 75566
313 314 -39589
313 249 20606
314 378 48848
314 306 71383
314 315 132189
314 258 3396
314 313 -39589
314 250 -38299
315 379 -747
315 307 -3291
315 316 80001
315 259 -62245
315 314 132189
315 251 97261
316 380 52467
316 308 48511
316 317 64151
316 260 -58364
316 315 80001
316 252 110151
317 381 -42129
317 309 97111
317 318 -169831
317 261 -152041
317 316 64151
317 253 -107510
318 382 44067
318 310 -18569
318 319 30944
318 262 -93990
318 317 -169831
318 254 38558
319 383 -51451
319 311 -111607
319 320 25129
319 263 -55314
319 318 30944
319 255 165832
320 384 -30628
320 312 -46300
320 313 75566
320 264 -190055
320 319 25129
320 256 -232030
321 385 -17594
321 329 -183912
321 328 -78070
321 377 -187485
321 322 -77959
321 257 11469
322 386 -140490
322 330 -214
322 378 -55359
322 323 16422
322 321 -77959
322 258 -140993
323 387 -60135
323 331 -11859
323 379 -114449
323 324 125024
323 322 16422
323 259 -255910
324 388 160273
324 332 -44490
324 380 -75147
324 325 -132355
324 323 125024
324 260 119333
325 389 -7937
325 333 172515
325 381 -56912
325 326 -37680
325 324 -132355
325 261 25382
326 390 69915
326 334 -32892
326 382 -66159
326 327 -1613
326 325 -37680
326 262 -51345
327 391 -21747
327 335 115265
327 383 -28905
327 328 -13008
327 326 -1613
327 263 -60436
328 392 71714
328 384 148037
328 336 71703
328 321 -78070
328 327 -13008
328 264 -195566
329 393 -49689
329 337 -88504
329 321 -183912
329 336 17537
329 330 -16347
329 265 -55988
330 394 -53097
330 338 159505
330 322 -214
330 331 -162870
330 329 -16347
330 266 165599
331 395 -113481
331 339 -44655
331 323 -11859
331 332 24590
331 330 -162870
331 267 -25238
332 396 -60194
332 340 -86761
332 324 -44490
332 333 -92392
332 331 24590
332 268 311
333 397 19935
333 341 3063
333 325 172515
333 334 104561
333 332 -92392
333 269 -149170
334 398 -705
334 342 -5072
334 326 -32892
334 335 -23092
334 333 104561
334 270 48648
335 399 22566
335 343 -62082
335 327 115265
335 336 -19083
335 334 -23092
335 271 -108561
336 400 27942
336 344 -177331
336 328 71703
336 329 17537
336 335 -19083
336 272 10342
337 401 -112636
337 345 33272
337 329 -88504
337 344 16320
337 338 -59474
337 273 -142704
338 402 -8917
338 346 22509
338 330 159505
338 339 -39292
338 337 -59474
338 274 -80533
339 403 29951
339 347 89587
339 331 -44655
339 340 184718
339 338 -39292
339 275 39401
340 404 -52848
340 348 -126660
340 332 -86761
340 341 85266
340 339 184718
340 276 -112090
341 405 20072
341 349 -61105
341 333 3063
341 342 45123
341 340 85266
341 277 18736
342 406 -6005
342 350 129392
342 334 -5072
342 343 153236
342 341 45123
342 278 -75275
343 407 -164023
343 351 -1
343 335 -62082
343 344 -104105
343 342 153236
343 279 225032
344 408 -50205
344 352 41225
344 336 -177331
344 337 16320
344 343 -104105
344 280 -90641
345 409 -36334
345 353 214548
345 337 33272
345 352 85198
345 346 -138297
345 281 16593
346 410 76727
346 354 -89678
346 338 22509
346 347 -70998
346 345 -138297
346 282 12497
347 411 20272
347 355 33187
347 339 89587
347 348 159328
347 346 -70998
347 283 -110517
348 412 141444
348 356 -28900
348 340 -126660
348 349 155191
348 347 159328
348 284 -99727
349 413 -14662
349 357 147993
349 341 -61105
349 350 50996
349 348 155191
349 285 -89539
350 414 -134200
350 358 -12752
350 342 129392
350 351 -20741
350 349 50996
350 286 -9074
351 415 8118
351 359 -93735
351 343 -1
351 352 -146862
351 350 -20741
351 287 -32118
352 416 123172
352 360 65622
352 344 41225
352 345 85198
352 351 -146862
352 288 -128839
353 417 -16259
353 361 -89956
353 345 214548
353 360 -53977
353 354 -17253
353 289 -198241
354 418 -22251
354 362 79807
354 346 -89678
354 355 173290
354 353 -17253
354 290 -78458
355 419 -91050
355 363 -147264
355 347 33187
355 356 18957
355 354 173290
355 291 -90686
356 420 -46870
356 364 19085
356 348 -28900
356 357 -83139
356 355 18957
356 292 -76222
357 421 61390
357 365 -99058
357 349 147993
357 358 -30563
357 356 -83139
357 293 -65222
358 422 122272
358 366 -30213
358 350 -12752
358 359 -205681
358 357 -30563
358 294 3852
359 423 78657
359 367 33687
359 351 -93735
359 360 79453
359 358 -205681
359 295 94943
360 424 31857
360 368 -66195
360 352 65622
360 353 -53977
360 359 79453
360 296 -40221
361 425 -187439
361 369 70020
361 353 -89956
361 368 70459
361 362 66519
361 297 -82670
362 426 -160558
362 370 -27812
362 354 79807
362 363 43414
362 361 66519
362 298 53258
363 427 47939
363 371 60170
363 355 -147264
363 364 78287
363 362 43414
363 299 71666
364 428 -77375
